8479
13673
7245
29152
16752
22274
26928
2891
26829
48
17719
7351
4033
19558
25787
12927
2773
8462
30482
14622
11198
13639
14746
16710
18758
22879
12166
27072
23034
14866
2664
2822
3481
7040
3970
162
4407
18416
1484
11333
27188
11847
30917
3750
5089
27718
23546
4640
19435
16518
23383
25354
14735
8245
25649
29142
23420
27790
13071
31465
26759
1050
29244
12348
3857
11176
13581
24759
16184
2829
23538
14664
27584
14748
11583
31686
28096
5732
11960
18313
30476
26668
3039
20421
16230
303
5372
7083
22627
25240
8944
11326
21535
7100
27578
9205
10912
24857
5062
19478
2571
5906
2042
5069
32137
19560
27774
25870
5879
24696
11341
27441
1872
20791
30080
10054
20954
27885
11861
28221
1555
25524
12034
11447
11354
29872
19516
3242
20830
13067
32390
22711
23623
7863
12858
14667
7078
3299
3160
10103
13597
7226
12306
12688
25550
12510
20755
28038
12676
13352
7827
13573
5796
5148
21276
1869
11474
16045
29977
11474
24674
5302
5155
30867
19589
4277
3851
17210
11824
7493
11943
31736
6603
22370
8541
27423
24479
14427
9073
636
19196
25494
24590
22394
10285
5126
22294
8952
15645
25965
21417
25317
8390
30034
16247
31137
7517
6082
24262
26387
2366
7110
16706
30602
17049
23463
29576
1109
14810
5348
15729
8737
14042
17392
31007
22805
17607
32684
20168
17071
28883
4263
24901
10588
18335
16407
14169
1498
15718
6807
28098
30286
27882
8862
32258
2852
22815
11971
9706
1450
7576
28595
15339
25708
14773
23022
31772
22861
25226
28484
6666
1386
1934
9235
9027
5806
30216
23613
32417
9013
18233
15340
5207
24162
1354
18437
27325
959
13044
4717
17371
5015
8689
28158
1975
15701
17446
26183
1887
5019
25485
30471
25781
26146
27876
16232
11005
23892
14615
11516
25640
13227
366
23160
14046
10439
27254
7731
22861
2642
20913
1116
25780
28308
18941
12542
21934
31957
29381
26037
17727
24438
5609
10030
9888
15310
14446
15968
5578
19397
2533
4492
708
30003
24221
4341
17837
31478
8328
13151
26505
9173
25325
15946
11211
29464
1235
21996
9894
20195
3625
4335
27668
12374
13238
3055
9122
14694
11715
14513
3330
19578
19850
25893
16719
453
32093
13850
15646
5734
6038
4547
32585
12609
16450
13805
18554
6555
11660
30206
18297
15224
2795
23725
15926
5556
25355
11651
27542
28131
15484
533
17917
26090
21789
32510
21152
20314
10311
23711
9608
22672
11193
16278
22117
28557
28486
7423
30232
30358
2880
9837
20734
9867
2467
31142
2557
15112
13825
4130
23121
17469
49
10818
532
14989
23991
12881
13711
12265
22002
21307
4931
15083
9480
16143
28341
30642
8593
24886
31741
14976
20742
30833
10253
20500
22248
21652
10690
26568
10928
13316
6060
875
16506
31986
3742
2268
4208
20052
13556
20843
10487
9384
9895
21231
14236
3688
5650
16039
13501
11339
11649
12754
7671
31042
32127
21516
27475
5678
988
32623
11055
5473
6016
20069
28910
475
17650
11087
607
7745
26536
15831
28654
6044
3084
21013
909
10199
26194
5477
12896
25591
27133
17667
32043
12824
20010
10859
27516
9003
2723
370
3479
11377
6564
9252
12582
31926
2667
6236
13469
26958
12417
23334
9583
11985
31691
1493
5362
406
17743
10467
20499
10736
7367
30859
26041
10283
25320
10024
10234
7236
15471
2380
5120
28012
10736
24479
19641
27963
20574
25214
5186
29364
15961
27471
28689
10493
14907
22438
25572
3547
25824
537
28525
23535
15673
27875
15034
23730
20624
31291
7526
24114
9112
20082
27778
18570
8252
14287
15169
3874
5156
14378
31333
31148
3079
3147
8813
217
6068
19712
21627
15071
17118
1536
7687
5036
20138
24195
19270
19687
30714
12189
29784
427
22135
9310
12596
10754
8289
16299
8276
23075
24342
25563
11295
14700
24675
14353
15131
27934
28814
1884
14031
29402
10527
30095
5497
9951
24690
9697
21109
29185
1534
12101
360
23400
30563
31368
26671
31246
6709
26156
19338
502
18059
19462
23176
26925
20038
17561
25778
24706
11553
17457
18167
7172
11645
28095
15195
10048
3562
14200
30558
16695
29557
15660
17709
31777
13492
23654
906
7396
18834
30281
14461
30291
27611
29477
8888
15399
13446
25564
30155
2494
16838
23799
11532
6293
12751
26503
8516
25223
32360
9149
19738
11203
1333
31049
27712
12430
18626
29043
24927
29374
13903
5882
3779
25330
31838
30639
3526
24978
15869
9169
28926
21386
11987
18215
32038
18117
25581
14304
1229
25195
25926
5930
21184
7899
19480
24468
20280
359
31205
32036
19396
22482
13380
19256
8692
12171
12652
5149
4299
1190
24962
28273
1250
25758
162
5177
14172
204
15791
4033
20365
27814
475
23095
29545
953
9461
18438
29358
13156
6774
24308
30929
9306
25417
29178
29098
32725
20574
7911
3294
19611
25069
2483
3088
8114
20362
29092
18375
7394
1262
31779
5917
751
8063
20827
1581
16275
14500
26263
1850
18237
2251
4696
2720
11404
12087
17977
10619
13194
10890
2691
20249
23721
19990
6032
3360
9086
16356
10464
1663
27967
19328
26109
7445
25341
5515
32015
20004
13218
31742
19261
26996
31146
12094
11978
3911
16545
20453
24300
8448
26208
7498
25964
4242
21511
214
5631
15017
19129
518
8038
14235
16411
28479
4679
20237
1674
18261
31177
31333
15646
12250
25075
8691
17251
1062
26562
222
11474
18731
12044
23504
28689
4598
23063
30305
19951
8452
24312
29508
11293
21066
22189
2868
24493
6658
8698
18076
9036
9271
4
9737
13632
24847
29358
25936
22816
2524
3255
17791
14677
27361
1424
2436
25683
32228
12030
4511
24984
8568
10356
16777
6753
30983
27694
7522
4655
16801
4621
18779
11005
10120
25653
22568
28990
26743
8552
5155
11160
20150
2337
12096
10851
20703
3440
1460
4832
25197
18073
24420
8761
16650
1130
23568
9277
19093
6496
30268
6615
10229
15225
18658
19283
22688
5847
985
16977
27369
28185
15107
26501
27918
25721
31802
16436
25341
19877
22520
1902
19690
8031
18632
7948
2706
24787
9584
5224
10060
13243
2523
13535
23252
21301
25288
28168
19159
9311
2101
30129
22846
13496
4745
30109
2875
16950
22148
14080
21780
10535
13287
2486
22194
21448
8931
25415
21736
1958
11330
29084
31620
11448
6371
29067
32224
5734
15017
26817
31301
28373
3814
12762
7668
1206
